0.050000 5.000000 100.000000 1001.625501 -59.943519 201.499076 1333.744173 36.520462
0.100000 10.000000 100.000000 1005.551654 -46.859740 202.382900 1202.104576 34.671380
0.150000 15.000000 100.000000 993.335953 -37.352818 203.037335 1142.228595 33.796873
0.200000 20.000000 100.000000 1002.786500 -28.958670 203.416011 1111.089919 33.333015
0.250000 25.000000 100.000000 1001.268747 -21.170999 203.563503 1091.010408 33.030447
0.300000 30.000000 100.000000 996.526834 -13.868116 203.478182 1076.382751 32.808273
0.350000 35.000000 100.000000 999.311536 -6.696821 203.174873 1066.033015 32.650161
0.400000 40.000000 100.000000 1001.827554 0.379847 202.669369 1058.417222 32.533325
0.450000 45.000000 100.000000 1011.747179 7.819237 202.076375 1053.456076 32.456988
0.500000 50.000000 100.000000 1009.557531 14.885100 201.251109 1049.224095 32.391729
0.550000 55.000000 100.000000 997.461697 20.761737 199.931073 1044.662418 32.321238
0.600000 60.000000 100.000000 1010.903153 27.673365 198.848983 1041.910615 32.278640
0.650000 65.000000 100.000000 1004.286486 33.648569 197.324779 1039.067985 32.234577
0.700000 70.000000 100.000000 1002.257841 39.147887 195.528947 1036.474916 32.194330
0.750000 75.000000 100.000000 1004.952785 44.745452 193.716247 1034.387743 32.161899
0.800000 80.000000 100.000000 1002.579998 49.728442 191.586619 1032.410800 32.131150
0.850000 85.000000 100.000000 1003.233565 54.537894 189.353771 1030.697660 32.104480
0.900000 90.000000 100.000000 1008.510925 59.942783 187.402096 1029.445565 32.084974
0.950000 95.000000 100.000000 1008.729468 65.055212 185.315228 1028.331640 32.067610
1.000000 100.000000 100.000000 1009.239139 69.933275 183.133180 1027.350179 32.052304
1.050000 105.000000 100.000000 1007.511881 74.092074 180.622834 1026.389640 32.037316
1.100000 110.000000 100.000000 1002.409348 76.733601 177.393581 1025.320895 32.020632
1.150000 115.000000 100.000000 1008.742497 80.686904 174.900789 1024.586129 32.009157
1.200000 120.000000 100.000000 1012.064971 85.158823 172.732979 1024.030731 32.000480
1.250000 125.000000 100.000000 1009.248900 88.470431 170.036759 1023.435753 31.991182
1.300000 130.000000 100.000000 1011.518676 92.123241 167.590348 1022.960687 31.983757
1.350000 135.000000 100.000000 1011.252011 95.340426 164.999825 1022.521600 31.976892
1.400000 140.000000 100.000000 1008.842122 97.440009 161.933850 1022.065237 31.969755
1.450000 145.000000 100.000000 1011.339431 100.119666 159.253109 1021.707924 31.964166
1.500000 150.000000 100.000000 1008.825572 101.612341 156.078768 1021.335164 31.958335
1.550000 155.000000 100.000000 1014.606391 104.944928 153.904346 1021.105185 31.954737
1.600000 160.000000 100.000000 1009.277902 105.934487 150.678075 1020.812803 31.950161
1.650000 165.000000 100.000000 1010.314479 107.141789 147.664267 1020.566192 31.946302
1.700000 170.000000 100.000000 1011.918585 108.759123 144.946589 1020.367786 31.943196
1.750000 175.000000 100.000000 1006.364173 107.954616 141.194457 1020.128356 31.939448
1.800000 180.000000 100.000000 1020.386005 112.611687 140.086006 1020.061857 31.938407
1.850000 185.000000 100.000000 1017.944106 115.865390 138.380705 1019.984129 31.937190
1.900000 190.000000 100.000000 1015.625189 117.768678 136.131185 1019.905076 31.935953
1.950000 195.000000 100.000000 1022.946015 122.596478 135.255102 1019.880805 31.935573
2.000000 200.000000 100.000000 1014.669353 123.219242 132.577560 1019.837396 31.934893
2.050000 205.000000 100.000000 1020.489530 126.376958 131.082175 1019.819807 31.934618
2.100000 210.000000 100.000000 1021.087775 129.469968 129.612047 1019.814198 31.934530
2.150000 215.000000 100.000000 1023.809027 133.531777 128.599007 1019.817774 31.934586
2.200000 220.000000 100.000000 1024.852635 137.718934 127.673394 1019.828542 31.934754
2.250000 225.000000 100.000000 1022.405360 140.258806 126.110108 1019.858703 31.935227
2.300000 230.000000 100.000000 1026.019002 144.354728 125.223418 1019.880525 31.935568
2.350000 235.000000 100.000000 1026.746815 148.428256 124.358027 1019.907701 31.935994
2.400000 240.000000 100.000000 1030.279932 153.966171 124.092808 1019.917717 31.936151
2.450000 245.000000 100.000000 1032.854952 160.407353 124.183710 1019.913610 31.936086
2.500000 250.000000 100.000000 1034.104226 166.988377 124.324478 1019.906170 31.935970
2.550000 255.000000 100.000000 1029.409526 170.327954 123.251301 1019.970613 31.936979
2.600000 260.000000 100.000000 1033.479386 175.573026 122.913240 1019.992296 31.937318
2.650000 265.000000 100.000000 1030.874444 178.837501 121.865629 1020.065285 31.938461
2.700000 270.000000 100.000000 1032.468360 182.622501 121.036181 1020.126168 31.939414
2.750000 275.000000 100.000000 1037.102878 188.499703 120.974179 1020.130972 31.939489
2.800000 280.000000 100.000000 1043.058290 196.987241 121.829153 1020.059932 31.938377
2.850000 285.000000 100.000000 1037.510698 201.686350 121.347789 1020.103419 31.939058
2.900000 290.000000 100.000000 1042.315366 208.429189 121.578689 1020.081621 31.938717
2.950000 295.000000 100.000000 1041.928158 214.264312 121.496344 1020.089840 31.938845
3.000000 300.000000 100.000000 1047.382719 222.284532 122.146101 1020.022035 31.937784
3.050000 305.000000 100.000000 1042.211167 226.822264 121.628108 1020.079136 31.938678
3.100000 310.000000 100.000000 1047.045618 233.258624 121.744139 1020.065970 31.938472
3.150000 315.000000 100.000000 1050.096897 240.474669 122.109376 1020.022892 31.937797
3.200000 320.000000 100.000000 1053.254211 248.410849 122.695639 1019.950898 31.936670
3.250000 325.000000 100.000000 1056.119678 256.824530 123.417994 1019.858486 31.935223
3.300000 330.000000 100.000000 1053.301002 263.031260 123.429238 1019.856989 31.935200
3.350000 335.000000 100.000000 1050.146014 267.148059 122.789713 1019.944372 31.936568
3.400000 340.000000 100.000000 1053.992769 272.468156 122.536338 1019.979493 31.937118
3.450000 345.000000 100.000000 1054.655035 277.492710 122.197844 1020.027357 31.937867
3.500000 350.000000 100.000000 1066.532377 286.696226 123.141839 1019.891513 31.935740
3.550000 355.000000 100.000000 1059.296446 292.150088 122.929109 1019.923278 31.936238
3.600000 360.000000 100.000000 1065.070651 299.205929 123.202630 1019.881767 31.935588
3.650000 365.000000 100.000000 1063.953157 305.124005 123.130291 1019.893000 31.935764
3.700000 370.000000 100.000000 1068.920960 312.192999 123.401568 1019.850195 31.935093
3.750000 375.000000 100.000000 1065.705920 317.442560 123.129437 1019.894019 31.935780
3.800000 380.000000 100.000000 1065.559523 322.126935 122.695955 1019.964565 31.936884
3.850000 385.000000 100.000000 1067.285484 326.918595 122.301708 1020.029185 31.937896
3.900000 390.000000 100.000000 1074.823795 333.590935 122.464794 1020.002264 31.937474
3.950000 395.000000 100.000000 1074.653905 339.584202 122.426911 1020.008615 31.937574
4.000000 400.000000 100.000000 1076.444801 345.543334 122.379783 1020.016605 31.937699
4.050000 405.000000 100.000000 1083.157833 352.859838 122.726704 1019.957207 31.936769
4.100000 410.000000 100.000000 1081.661504 359.098610 122.756272 1019.952066 31.936688
4.150000 415.000000 100.000000 1083.286834 365.212896 122.749497 1019.953254 31.936707
4.200000 420.000000 100.000000 1089.382846 372.378271 123.044906 1019.901056 31.935890
4.250000 425.000000 100.000000 1084.152293 377.579604 122.772320 1019.949770 31.936652
4.300000 430.000000 100.000000 1090.620994 383.935646 122.834610 1019.938632 31.936478
4.350000 435.000000 100.000000 1093.021197 390.326461 122.905875 1019.925819 31.936277
4.400000 440.000000 100.000000 1091.788877 395.888552 122.739196 1019.955929 31.936749
4.450000 445.000000 100.000000 1095.190294 401.766194 122.665091 1019.969310 31.936958
4.500000 450.000000 100.000000 1093.088078 406.696698 122.321437 1020.031388 31.937930
4.550000 455.000000 100.000000 1095.203037 411.692672 122.001111 1020.088944 31.938831
4.600000 460.000000 100.000000 1101.041657 417.522610 121.923785 1020.102760 31.939048
4.650000 465.000000 100.000000 1104.992678 423.706352 121.948858 1020.098289 31.938978
4.700000 470.000000 100.000000 1112.699911 430.952376 122.277855 1020.039660 31.938060
4.750000 475.000000 100.000000 1105.078819 436.156001 122.017273 1020.086281 31.938790
4.800000 480.000000 100.000000 1109.795963 441.869231 121.906132 1020.105999 31.939098
4.850000 485.000000 100.000000 1111.159283 447.411850 121.747478 1020.133970 31.939536
4.900000 490.000000 100.000000 1107.798704 451.939100 121.298967 1020.212403 31.940764
4.950000 495.000000 100.000000 1114.489984 457.329922 121.104666 1020.245882 31.941288
5.000000 500.000000 100.000000 1112.649952 462.020979 120.710780 1020.313052 31.942339
5.050000 505.000000 100.000000 1122.800110 468.098884 120.723044 1020.310993 31.942307
5.100000 510.000000 100.000000 1119.877662 473.273706 120.473423 1020.352594 31.942958
5.150000 515.000000 100.000000 1125.122487 478.943041 120.370510 1020.369504 31.943223
5.200000 520.000000 100.000000 1125.486637 484.287245 120.174328 1020.401358 31.943722
5.250000 525.000000 100.000000 1130.346262 490.027471 120.096052 1020.413880 31.943918
5.300000 530.000000 100.000000 1129.967548 495.331549 119.891415 1020.446188 31.944423
5.350000 535.000000 100.000000 1135.588496 501.125069 119.832573 1020.455321 31.944566
5.400000 540.000000 100.000000 1138.703901 506.998456 119.797908 1020.460622 31.944649
5.450000 545.000000 100.000000 1144.005717 513.254089 119.875942 1020.448867 31.944465
5.500000 550.000000 100.000000 1140.688850 518.648535 119.699717 1020.475060 31.944875
5.550000 555.000000 100.000000 1137.274140 523.235665 119.287804 1020.535016 31.945814
5.600000 560.000000 100.000000 1143.605136 528.394818 119.049800 1020.568696 31.946341
5.650000 565.000000 100.000000 1152.638987 534.432644 119.075083 1020.565206 31.946286
5.700000 570.000000 100.000000 1147.826539 539.480831 118.806409 1020.601596 31.946856
5.750000 575.000000 100.000000 1156.410061 545.320576 118.776496 1020.605534 31.946917
5.800000 580.000000 100.000000 1156.399831 550.813075 118.643540 1020.622639 31.947185
5.850000 585.000000 100.000000 1162.854435 556.776681 118.652920 1020.621465 31.947167
5.900000 590.000000 100.000000 1155.194386 561.467765 118.281843 1020.666781 31.947876
5.950000 595.000000 100.000000 1163.032704 566.820231 118.113528 1020.686568 31.948186
6.000000 600.000000 100.000000 1162.566843 571.813948 117.839695 1020.717699 31.948673
6.050000 605.000000 100.000000 1177.494746 578.236169 117.999267 1020.700250 31.948400
6.100000 610.000000 100.000000 1173.842380 583.889492 117.924992 1020.708164 31.948524
6.150000 615.000000 100.000000 1178.115195 589.703958 117.900327 1020.710699 31.948563
6.200000 620.000000 100.000000 1173.430746 594.687711 117.625149 1020.737966 31.948990
6.250000 625.000000 100.000000 1177.841795 599.874559 117.415019 1020.757799 31.949300
6.300000 630.000000 100.000000 1181.087833 605.125208 117.227038 1020.774693 31.949565
6.350000 635.000000 100.000000 1187.873258 610.801145 117.170739 1020.779499 31.949640
6.400000 640.000000 100.000000 1186.432151 616.030022 116.979334 1020.795062 31.949884
6.450000 645.000000 100.000000 1192.073111 621.553400 116.880211 1020.802660 31.950003
6.500000 650.000000 100.000000 1186.530595 626.240552 116.527612 1020.828151 31.950401
6.550000 655.000000 100.000000 1194.356787 631.451261 116.339599 1020.840733 31.950598
6.600000 660.000000 100.000000 1195.694504 636.525498 116.112493 1020.854843 31.950819
6.650000 665.000000 100.000000 1196.195554 641.391462 115.824795 1020.871281 31.951076
6.700000 670.000000 100.000000 1205.226545 646.856353 115.724732 1020.876472 31.951158
6.750000 675.000000 100.000000 1207.338803 652.245113 115.602772 1020.882236 31.951248
6.800000 680.000000 100.000000 1209.397756 657.556056 115.458702 1020.888362 31.951344
6.850000 685.000000 100.000000 1208.114885 662.494016 115.202130 1020.898018 31.951495
6.900000 690.000000 100.000000 1218.331035 668.092931 115.152548 1020.899619 31.951520
6.950000 695.000000 100.000000 1218.845677 673.469137 115.035196 1020.902865 31.951571
7.000000 700.000000 100.000000 1219.758363 678.668467 114.865161 1020.906729 31.951631
7.050000 705.000000 100.000000 1223.598399 683.947458 114.722190 1020.909237 31.951670
7.100000 710.000000 100.000000 1225.631561 689.149486 114.557664 1020.911280 31.951702
7.150000 715.000000 100.000000 1224.068280 693.982007 114.281754 1020.913258 31.951733
7.200000 720.000000 100.000000 1231.376791 699.185282 114.124250 1020.913489 31.951737
7.250000 725.000000 100.000000 1232.667833 704.254983 113.927961 1020.912736 31.951725
7.300000 730.000000 100.000000 1235.165769 709.292938 113.724873 1020.910846 31.951696
7.350000 735.000000 100.000000 1237.588811 714.294007 113.513515 1020.907707 31.951646
7.400000 740.000000 100.000000 1242.425052 719.444925 113.351632 1020.904395 31.951595
7.450000 745.000000 100.000000 1240.998508 724.260360 113.088799 1020.897585 31.951488
7.500000 750.000000 100.000000 1252.892688 729.757241 113.040199 1020.896041 31.951464
7.550000 755.000000 100.000000 1254.566565 735.140259 112.957284 1020.892984 31.951416
7.600000 760.000000 100.000000 1255.965394 740.394149 112.835922 1020.887869 31.951336
7.650000 765.000000 100.000000 1258.952874 745.639636 112.713913 1020.882061 31.951245
7.700000 770.000000 100.000000 1259.706931 750.716446 112.541966 1020.872931 31.951102
7.750000 775.000000 100.000000 1268.214149 756.180202 112.491741 1020.869977 31.951056
7.800000 780.000000 100.000000 1267.827457 761.388896 112.363989 1020.861785 31.950928
7.850000 785.000000 100.000000 1269.164791 766.473587 112.200245 1020.850362 31.950749
7.900000 790.000000 100.000000 1278.455978 771.982309 112.169182 1020.848015 31.950712
7.950000 795.000000 100.000000 1276.833025 777.156639 112.036213 1020.837258 31.950544
8.000000 800.000000 100.000000 1278.857760 782.255614 111.882354 1020.823924 31.950335
8.050000 805.000000 100.000000 1282.872999 787.413384 111.748973 1020.811581 31.950142
8.100000 810.000000 100.000000 1284.351710 792.460842 111.584099 1020.795362 31.949888
8.150000 815.000000 100.000000 1286.688064 797.457903 111.406550 1020.776836 31.949598
8.200000 820.000000 100.000000 1300.791052 803.156143 111.445518 1020.781138 31.949666
8.250000 825.000000 100.000000 1301.355709 808.667640 111.427035 1020.779000 31.949632
8.300000 830.000000 100.000000 1300.499460 813.911518 111.327619 1020.766950 31.949444
8.350000 835.000000 100.000000 1299.004527 818.860148 111.140360 1020.743152 31.949071
8.400000 840.000000 100.000000 1303.389813 823.885935 110.979539 1020.721710 31.948736
8.450000 845.000000 100.000000 1308.678173 829.039054 110.859872 1020.705018 31.948474
8.500000 850.000000 100.000000 1314.814723 834.363529 110.793921 1020.695420 31.948324
8.550000 855.000000 100.000000 1311.688219 839.302856 110.613051 1020.668037 31.947896
8.600000 860.000000 100.000000 1311.949366 844.072373 110.384102 1020.631926 31.947330
8.650000 865.000000 100.000000 1317.857307 849.006282 110.208303 1020.603048 31.946879
8.700000 870.000000 100.000000 1326.481577 854.252041 110.128943 1020.589508 31.946667
8.750000 875.000000 100.000000 1329.942287 859.502152 110.052231 1020.575958 31.946455
8.800000 880.000000 100.000000 1333.421103 864.756764 109.978165 1020.562428 31.946243
8.850000 885.000000 100.000000 1334.983625 869.908464 109.874684 1020.542898 31.945937
8.900000 890.000000 100.000000 1339.244460 875.109660 109.787676 1020.525938 31.945672
8.950000 895.000000 100.000000 1340.594268 880.198884 109.668911 1020.502055 31.945298
9.000000 900.000000 100.000000 1347.948470 885.504491 109.616239 1020.491130 31.945127
9.050000 905.000000 100.000000 1344.627265 890.445881 109.456843 1020.457099 31.944594
9.100000 910.000000 100.000000 1353.437572 895.680324 109.386541 1020.441630 31.944352
9.150000 915.000000 100.000000 1352.896604 900.704473 109.255570 1020.411999 31.943888
9.200000 920.000000 100.000000 1357.818359 905.810344 109.150799 1020.387617 31.943507
9.250000 925.000000 100.000000 1363.871623 911.052184 109.087626 1020.372512 31.943270
9.300000 930.000000 100.000000 1368.730687 916.362959 109.045671 1020.362217 31.943109
9.350000 935.000000 100.000000 1365.670458 921.339334 108.906986 1020.327325 31.942563
9.400000 940.000000 100.000000 1376.225053 926.675666 108.875291 1020.319141 31.942435
9.450000 945.000000 100.000000 1377.852880 931.914282 108.815804 1020.303411 31.942189
9.500000 950.000000 100.000000 1379.107826 937.040232 108.724746 1020.278754 31.941803
9.550000 955.000000 100.000000 1382.174258 942.145715 108.629329 1020.252294 31.941388
9.600000 960.000000 100.000000 1385.565057 947.246711 108.534237 1020.225300 31.940966
9.650000 965.000000 100.000000 1388.775893 952.334311 108.436911 1020.197033 31.940523
9.700000 970.000000 100.000000 1393.231008 957.467542 108.354294 1020.172490 31.940139
9.750000 975.000000 100.000000 1396.801643 962.602608 108.273601 1020.147989 31.939756
9.800000 980.000000 100.000000 1402.621038 967.843690 108.224460 1020.132743 31.939517
9.850000 985.000000 100.000000 1408.227965 973.176449 108.202182 1020.125687 31.939406
9.900000 990.000000 100.000000 1408.561004 978.355536 108.136781 1020.104551 31.939076
9.950000 995.000000 100.000000 1410.053319 983.438917 108.045469 1020.074437 31.938604
10.000000 1000.000000 100.000000 1416.089133 988.634207 107.987199 1020.054827 31.938297
10.050000 1005.000000 100.000000 1418.303186 993.766278 107.912169 1020.029078 31.937894
10.100000 1010.000000 100.000000 1418.212917 998.735128 107.792716 1019.987279 31.937240
10.150000 1015.000000 100.000000 1427.707308 1003.966858 107.748640 1019.971550 31.936993
10.200000 1020.000000 100.000000 1429.346893 1009.109690 107.680567 1019.946804 31.936606
10.250000 1025.000000 100.000000 1432.405874 1014.227702 107.606751 1019.919470 31.936178
10.300000 1030.000000 100.000000 1437.129244 1019.392621 107.547151 1019.896993 31.935826
10.350000 1035.000000 100.000000 1439.959330 1024.522013 107.478751 1019.870733 31.935415
10.400000 1040.000000 100.000000 1439.950646 1029.497268 107.369105 1019.827886 31.934744
10.450000 1045.000000 100.000000 1445.896408 1034.572183 107.288611 1019.795863 31.934243
10.500000 1050.000000 100.000000 1449.561836 1039.648399 107.209814 1019.763968 31.933743
10.550000 1055.000000 100.000000 1452.028746 1044.676270 107.119150 1019.726639 31.933159
10.600000 1060.000000 100.000000 1462.304009 1049.975431 107.103716 1019.720176 31.933058
10.650000 1065.000000 100.000000 1458.271508 1054.957419 107.002622 1019.677158 31.932384
10.700000 1070.000000 100.000000 1463.096267 1059.988315 106.916406 1019.639857 31.931800
10.750000 1075.000000 100.000000 1466.068672 1064.992348 106.824382 1019.599391 31.931166
10.800000 1080.000000 100.000000 1468.346922 1069.942698 106.719466 1019.552508 31.930432
10.850000 1085.000000 100.000000 1474.965555 1075.011031 106.647845 1019.519987 31.929923
10.900000 1090.000000 100.000000 1478.400558 1080.069186 106.574690 1019.486251 31.929395
10.950000 1095.000000 100.000000 1487.501206 1085.335913 106.558201 1019.478530 31.929274
11.000000 1100.000000 100.000000 1485.859801 1090.392340 106.486245 1019.444339 31.928738
11.050000 1105.000000 100.000000 1487.117730 1095.355394 106.390799 1019.398302 31.928018
11.100000 1110.000000 100.000000 1498.831791 1100.622559 106.377004 1019.391548 31.927912
11.150000 1115.000000 100.000000 1501.444002 1105.842526 106.351047 1019.378659 31.927710
11.200000 1120.000000 100.000000 1500.777071 1110.894538 106.281571 1019.343671 31.927162
11.250000 1125.000000 100.000000 1500.680843 1115.804827 106.176264 1019.289878 31.926320
11.300000 1130.000000 100.000000 1507.606142 1120.835095 106.103849 1019.252350 31.925732
11.350000 1135.000000 100.000000 1512.220182 1125.897100 106.040830 1019.219233 31.925213
11.400000 1140.000000 100.000000 1517.271412 1131.005347 105.990774 1019.192564 31.924795
11.450000 1145.000000 100.000000 1519.422087 1136.054057 105.926201 1019.157693 31.924249
11.500000 1150.000000 100.000000 1525.305331 1141.177777 105.881914 1019.133454 31.923870
11.550000 1155.000000 100.000000 1528.927299 1146.293922 105.836404 1019.108215 31.923474
11.600000 1160.000000 100.000000 1527.783141 1151.235088 105.747023 1019.057997 31.922688
11.650000 1165.000000 100.000000 1532.481816 1156.210221 105.667697 1019.012834 31.921980
11.700000 1170.000000 100.000000 1536.899809 1161.208305 105.595447 1018.971161 31.921328
11.750000 1175.000000 100.000000 1541.403960 1166.231356 105.530648 1018.933304 31.920735
11.800000 1180.000000 100.000000 1545.776778 1171.273886 105.471780 1018.898474 31.920189
11.850000 1185.000000 100.000000 1550.593759 1176.350131 105.422299 1018.868831 31.919725
11.900000 1190.000000 100.000000 1545.293374 1181.117991 105.296538 1018.792558 31.918530
11.950000 1195.000000 100.000000 1556.841073 1186.150286 105.238616 1018.756981 31.917973
12.000000 1200.000000 100.000000 1565.777280 1191.352075 105.223685 1018.747698 31.917827
12.050000 1205.000000 100.000000 1562.694209 1196.321298 105.151452 1018.702262 31.917116
12.100000 1210.000000 100.000000 1572.546387 1201.488816 105.129246 1018.688126 31.916894
12.150000 1215.000000 100.000000 1574.653518 1206.596251 105.092624 1018.664543 31.916525
12.200000 1220.000000 100.000000 1577.379306 1211.665155 105.047138 1018.634913 31.916060
12.250000 1225.000000 100.000000 1581.883817 1216.753630 105.007138 1018.608556 31.915648
12.300000 1230.000000 100.000000 1580.517751 1221.673330 104.926707 1018.554953 31.914808
12.350000 1235.000000 100.000000 1588.842036 1226.736523 104.882306 1018.525021 31.914339
12.400000 1240.000000 100.000000 1597.796459 1231.958771 104.877023 1018.521419 31.914282
12.450000 1245.000000 100.000000 1597.174813 1237.035235 104.836719 1018.493646 31.913847
12.500000 1250.000000 100.000000 1600.905180 1242.105356 104.795515 1018.464939 31.913397
12.550000 1255.000000 100.000000 1602.485936 1247.102589 104.737512 1018.424088 31.912757
12.600000 1260.000000 100.000000 1608.509436 1252.165416 104.696030 1018.394554 31.912295
12.650000 1265.000000 100.000000 1613.218359 1257.251640 104.660739 1018.369158 31.911897
12.700000 1270.000000 100.000000 1617.725883 1262.354306 104.629878 1018.346715 31.911545
12.750000 1275.000000 100.000000 1619.259616 1267.383006 104.582038 1018.311559 31.910994
12.800000 1280.000000 100.000000 1623.605877 1272.423962 104.537804 1018.278711 31.910480
12.850000 1285.000000 100.000000 1634.329345 1277.666811 104.541543 1018.281517 31.910524
12.900000 1290.000000 100.000000 1625.432033 1282.524375 104.455265 1018.216135 31.909499
12.950000 1295.000000 100.000000 1642.850004 1287.782110 104.463403 1018.222367 31.909597
13.000000 1300.000000 100.000000 1641.134638 1292.868825 104.431759 1018.197897 31.909213
13.050000 1305.000000 100.000000 1647.088075 1298.012129 104.413666 1018.183767 31.908992
13.100000 1310.000000 100.000000 1643.066972 1302.921712 104.342014 1018.127257 31.908106
13.150000 1315.000000 100.000000 1650.266518 1307.926373 104.293248 1018.088410 31.907498
13.200000 1320.000000 100.000000 1655.185131 1312.958215 104.251424 1018.054765 31.906970
13.250000 1325.000000 100.000000 1661.275677 1318.049680 104.223812 1018.032336 31.906619
13.300000 1330.000000 100.000000 1658.990600 1322.962333 104.155978 1017.976710 31.905747
13.350000 1335.000000 100.000000 1669.415203 1328.057790 104.130538 1017.955644 31.905417
13.400000 1340.000000 100.000000 1668.366243 1333.010640 104.073286 1017.907792 31.904667
13.450000 1345.000000 100.000000 1676.213188 1338.071493 104.041163 1017.880688 31.904242
13.500000 1350.000000 100.000000 1681.986829 1343.180173 104.020231 1017.862862 31.903963
13.550000 1355.000000 100.000000 1685.031357 1348.260366 103.993240 1017.839665 31.903600
13.600000 1360.000000 100.000000 1691.323728 1353.401330 103.980172 1017.828331 31.903422
13.650000 1365.000000 100.000000 1695.124906 1358.533737 103.965394 1017.815399 31.903219
13.700000 1370.000000 100.000000 1694.189959 1363.529756 103.920672 1017.775913 31.902600
13.750000 1375.000000 100.000000 1700.954982 1368.599425 103.892824 1017.751102 31.902212
13.800000 1380.000000 100.000000 1701.396898 1373.571907 103.844030 1017.707246 31.901524
13.850000 1385.000000 100.000000 1704.315934 1378.515262 103.789557 1017.657848 31.900750
13.900000 1390.000000 100.000000 1715.112061 1383.638130 103.775025 1017.644553 31.900542
13.950000 1395.000000 100.000000 1716.398996 1388.686179 103.744432 1017.616322 31.900099
14.000000 1400.000000 100.000000 1720.300297 1393.729402 103.713228 1017.587279 31.899644
14.050000 1405.000000 100.000000 1727.269551 1398.847508 103.698638 1017.573583 31.899429
14.100000 1410.000000 100.000000 1730.395911 1403.939228 103.678575 1017.554590 31.899131
14.150000 1415.000000 100.000000 1733.743594 1409.010752 103.654463 1017.531572 31.898771
14.200000 1420.000000 100.000000 1740.529381 1414.150362 103.645245 1017.522699 31.898632
14.250000 1425.000000 100.000000 1743.658404 1419.263281 103.630470 1017.508359 31.898407
14.300000 1430.000000 100.000000 1745.683473 1424.322073 103.604407 1017.482856 31.898007
14.350000 1435.000000 100.000000 1746.992952 1429.309875 103.563681 1017.442679 31.897377
14.400000 1440.000000 100.000000 1751.213899 1434.301150 103.524253 1017.403463 31.896763
14.450000 1445.000000 100.000000 1760.854030 1439.430711 103.514445 1017.393627 31.896608
14.500000 1450.000000 100.000000 1756.556004 1444.349753 103.460658 1017.339263 31.895756
14.550000 1455.000000 100.000000 1765.436456 1449.388004 103.432507 1017.310580 31.895307
14.600000 1460.000000 100.000000 1763.786189 1454.284252 103.375182 1017.251707 31.894384
14.650000 1465.000000 100.000000 1776.821624 1459.400096 103.364203 1017.240340 31.894205
14.700000 1470.000000 100.000000 1780.477159 1464.502619 103.350619 1017.226169 31.893983
14.750000 1475.000000 100.000000 1782.031825 1469.541246 103.324050 1017.198237 31.893545
14.800000 1480.000000 100.000000 1785.956573 1474.574293 103.296695 1017.169256 31.893091
14.850000 1485.000000 100.000000 1782.855366 1479.433698 103.234154 1017.102493 31.892044
14.900000 1490.000000 100.000000 1796.207225 1484.514906 103.217724 1017.084817 31.891767
14.950000 1495.000000 100.000000 1792.040220 1489.397898 103.161192 1017.023541 31.890807
15.000000 1500.000000 100.000000 1795.817797 1494.274239 103.104067 1016.961150 31.889828
15.050000 1505.000000 100.000000 1807.177819 1499.321817 103.082314 1016.937211 31.889453
15.100000 1510.000000 100.000000 1808.259192 1504.296850 103.046235 1016.897215 31.888826
15.150000 1515.000000 100.000000 1816.509933 1509.367354 103.029808 1016.878869 31.888538
15.200000 1520.000000 100.000000 1821.481400 1514.455342 103.017097 1016.864571 31.888314
15.250000 1525.000000 100.000000 1826.202820 1519.554581 103.006800 1016.852904 31.888131
15.300000 1530.000000 100.000000 1825.739423 1524.546016 102.975201 1016.816846 31.887566
15.350000 1535.000000 100.000000 1833.348406 1529.615823 102.959551 1016.798860 31.887284
15.400000 1540.000000 100.000000 1836.493611 1534.660986 102.939238 1016.775348 31.886915
15.450000 1545.000000 100.000000 1842.865398 1539.754772 102.928766 1016.763142 31.886724
15.500000 1550.000000 100.000000 1846.195146 1544.827703 102.914336 1016.746206 31.886458
15.550000 1555.000000 100.000000 1851.483810 1549.923936 102.904654 1016.734763 31.886279
15.600000 1560.000000 100.000000 1852.601758 1554.950040 102.881419 1016.707114 31.885845
15.650000 1565.000000 100.000000 1856.767323 1559.974930 102.858248 1016.679351 31.885410
15.700000 1570.000000 100.000000 1864.447506 1565.076065 102.850151 1016.669584 31.885257
15.750000 1575.000000 100.000000 1859.272354 1569.969503 102.802036 1016.611149 31.884340
15.800000 1580.000000 100.000000 1868.352546 1574.971054 102.775354 1016.578523 31.883829
15.850000 1585.000000 100.000000 1870.281331 1579.922796 102.739452 1016.534327 31.883135
15.900000 1590.000000 100.000000 1877.175966 1584.933232 102.715237 1016.504318 31.882665
15.950000 1595.000000 100.000000 1884.504138 1590.010425 102.704064 1016.490381 31.882446
16.000000 1600.000000 100.000000 1889.273408 1595.098000 102.695007 1016.479009 31.882268
16.050000 1605.000000 100.000000 1887.993244 1600.066371 102.663468 1016.439151 31.881643
16.100000 1610.000000 100.000000 1893.870410 1605.070161 102.639018 1016.408051 31.881155
16.150000 1615.000000 100.000000 1899.943912 1610.112736 102.622182 1016.386497 31.880817
16.200000 1620.000000 100.000000 1902.910112 1615.127702 102.600371 1016.358396 31.880376
16.250000 1625.000000 100.000000 1908.947646 1620.180028 102.585826 1016.339537 31.880081
16.300000 1630.000000 100.000000 1913.502070 1625.237885 102.572494 1016.322142 31.879808
16.350000 1635.000000 100.000000 1913.776055 1630.211968 102.543742 1016.284393 31.879216
16.400000 1640.000000 100.000000 1920.302662 1635.233472 102.524140 1016.258496 31.878810
16.450000 1645.000000 100.000000 1918.707610 1640.133748 102.482363 1016.202962 31.877938
16.500000 1650.000000 100.000000 1932.814223 1645.237820 102.478668 1016.198019 31.877861
16.550000 1655.000000 100.000000 1931.768592 1650.231533 102.454737 1016.165814 31.877356
16.600000 1660.000000 100.000000 1934.325498 1655.190374 102.424708 1016.125158 31.876718
16.650000 1665.000000 100.000000 1941.459832 1660.207845 102.405755 1016.099341 31.876313
16.700000 1670.000000 100.000000 1942.223756 1665.154001 102.374045 1016.055888 31.875632
16.750000 1675.000000 100.000000 1950.738545 1670.186136 102.358328 1016.034222 31.875292
16.800000 1680.000000 100.000000 1953.413911 1675.185500 102.336869 1016.004466 31.874825
16.850000 1685.000000 100.000000 1965.927375 1680.349023 102.345293 1016.016215 31.875009
16.900000 1690.000000 100.000000 1967.110892 1685.448302 102.342057 1016.011676 31.874938
16.950000 1695.000000 100.000000 1960.509595 1690.330344 102.299895 1015.952186 31.874005
17.000000 1700.000000 100.000000 1973.632273 1695.388087 102.289657 1015.937655 31.873777
17.050000 1705.000000 100.000000 1972.425175 1700.336763 102.260093 1015.895459 31.873115
17.100000 1710.000000 100.000000 1980.168958 1705.353415 102.242965 1015.870871 31.872729
17.150000 1715.000000 100.000000 1985.745085 1710.394489 102.230368 1015.852685 31.872444
17.200000 1720.000000 100.000000 1991.816021 1715.469072 102.223840 1015.843209 31.872295
17.250000 1725.000000 100.000000 1993.077797 1720.483537 102.206798 1015.818330 31.871905
17.300000 1730.000000 100.000000 2002.953112 1725.604739 102.208706 1015.821132 31.871949
17.350000 1735.000000 100.000000 2001.111807 1730.605997 102.189583 1015.792908 31.871506
17.400000 1740.000000 100.000000 2007.870675 1735.653698 102.178794 1015.776897 31.871255
17.450000 1745.000000 100.000000 2013.218954 1740.720101 102.171388 1015.765846 31.871082
17.500000 1750.000000 100.000000 2015.820003 1745.752740 102.158205 1015.746070 31.870771
17.550000 1755.000000 100.000000 2022.550034 1750.830118 102.152919 1015.738099 31.870646
17.600000 1760.000000 100.000000 2025.222588 1755.875061 102.142096 1015.721690 31.870389
17.650000 1765.000000 100.000000 2026.249297 1760.857253 102.120597 1015.688922 31.869875
17.700000 1770.000000 100.000000 2027.537396 1765.782628 102.089594 1015.641418 31.869130
17.750000 1775.000000 100.000000 2042.884052 1770.913543 102.094117 1015.648386 31.869239
17.800000 1780.000000 100.000000 2039.852396 1775.905879 102.074944 1015.618701 31.868773
17.850000 1785.000000 100.000000 2046.336716 1780.937626 102.062693 1015.599636 31.868474
17.900000 1790.000000 100.000000 2052.079708 1785.994410 102.054829 1015.587335 31.868281
17.950000 1795.000000 100.000000 2055.097468 1791.025819 102.042761 1015.568363 31.867983
18.000000 1800.000000 100.000000 2056.411850 1796.001153 102.021370 1015.534562 31.867453
18.050000 1805.000000 100.000000 2062.095100 1801.000764 102.004302 1015.507457 31.867028
18.100000 1810.000000 100.000000 2067.498634 1806.019117 101.990570 1015.485540 31.866684
18.150000 1815.000000 100.000000 2076.688067 1811.124173 101.991495 1015.487023 31.866707
18.200000 1820.000000 100.000000 2074.049441 1816.101675 101.971132 1015.454202 31.866192
18.250000 1825.000000 100.000000 2083.369383 1821.168036 101.965776 1015.445527 31.866056
18.300000 1830.000000 100.000000 2086.327509 1826.208107 101.956119 1015.429809 31.865809
18.350000 1835.000000 100.000000 2089.089079 1831.218782 101.941706 1015.406238 31.865440
18.400000 1840.000000 100.000000 2091.011500 1836.185631 101.920222 1015.370933 31.864886
18.450000 1845.000000 100.000000 2097.724476 1841.193963 101.905798 1015.347117 31.864512
18.500000 1850.000000 100.000000 2102.714014 1846.212702 101.893239 1015.326282 31.864185
18.550000 1855.000000 100.000000 2102.965773 1851.158522 101.868887 1015.285693 31.863548
18.600000 1860.000000 100.000000 2112.353050 1856.192266 101.859146 1015.269381 31.863292
18.650000 1865.000000 100.000000 2113.714823 1861.172645 101.840827 1015.238561 31.862808
18.700000 1870.000000 100.000000 2120.306819 1866.191276 101.828914 1015.218427 31.862492
18.750000 1875.000000 100.000000 2126.008640 1871.232087 101.820719 1015.204513 31.862274
18.800000 1880.000000 100.000000 2126.699102 1876.208281 101.802183 1015.172898 31.861778
18.850000 1885.000000 100.000000 2132.963949 1881.216630 101.789022 1015.150349 31.861424
18.900000 1890.000000 100.000000 2139.297134 1886.257739 101.781261 1015.136993 31.861215
18.950000 1895.000000 100.000000 2137.160152 1891.186503 101.755595 1015.092626 31.860518
19.000000 1900.000000 100.000000 2150.198983 1896.262763 101.753756 1015.089432 31.860468
19.050000 1905.000000 100.000000 2158.790290 1901.408734 101.763038 1015.105620 31.860722
19.100000 1910.000000 100.000000 2158.823470 1906.478694 101.760149 1015.100559 31.860643
19.150000 1915.000000 100.000000 2159.428809 1911.483436 101.746958 1015.077356 31.860279
19.200000 1920.000000 100.000000 2166.095328 1916.525660 101.739828 1015.064761 31.860081
19.250000 1925.000000 100.000000 2166.137306 1921.493934 101.721119 1015.031570 31.859560
19.300000 1930.000000 100.000000 2179.317106 1926.608394 101.725583 1015.039524 31.859685
19.350000 1935.000000 100.000000 2180.946306 1931.674783 101.722465 1015.033946 31.859597
19.400000 1940.000000 100.000000 2184.929333 1936.732792 101.718069 1015.026048 31.859473
19.450000 1945.000000 100.000000 2184.385180 1941.707771 101.700769 1014.994841 31.858984
19.500000 1950.000000 100.000000 2192.420547 1946.742148 101.692888 1014.980566 31.858760
19.550000 1955.000000 100.000000 2194.236090 1951.732943 101.678326 1014.954081 31.858344
19.600000 1960.000000 100.000000 2199.429318 1956.736013 101.665814 1014.931232 31.857985
19.650000 1965.000000 100.000000 2203.108557 1961.726455 101.651480 1014.904952 31.857573
19.700000 1970.000000 100.000000 2206.198699 1966.694852 101.633899 1014.872587 31.857065
19.750000 1975.000000 100.000000 2211.009294 1971.669367 101.617436 1014.842162 31.856587
19.800000 1980.000000 100.000000 2217.567774 1976.678090 101.606382 1014.821652 31.856265
19.850000 1985.000000 100.000000 2217.565100 1981.614864 101.584445 1014.780788 31.855624
19.900000 1990.000000 100.000000 2228.950997 1986.663467 101.579777 1014.772059 31.855487
19.950000 1995.000000 100.000000 2231.243567 1991.676732 101.569783 1014.753298 31.855193
20.000000 2000.000000 100.000000 2238.165459 1996.728972 101.565801 1014.745795 31.855075
